null,0,32,44,43,73,610
null,32,0,71,75,80,610000
null,44,71,0,40,98,610000
null,43,75,40,0,74,610000
null,73,80,98,74,0,610
null,610,610000,610000,610000,610,0
